12
6
0
1
3
1
4
3
1
5
4
1
2
5
(0.000000,19.000000,0.000000) (1.000000,1.000000,1.000000) (0.000000,0.000000)
(0.000000,0.000000,51.000000) (1.000000,1.000000,1.000000) (0.000000,0.500000)
(0.000000,0.000000,110.000000) (1.000000,1.000000,1.000000) (0.000000,1.000000)
(53.000000,4.500000,0.000000) (1.000000,1.000000,1.000000) (1.000000,0.000000)
(52.000000,9.000000,51.500000) (1.000000,1.000000,1.000000) (1.000000,0.500000)
(50.000000,0.000000,109.000000) (1.000000,1.000000,1.000000) (1.000000,1.000000)
1
-1
-1
-1
2
0
-1
3
1
-1
-1
2